287
188 62
179 68
173 72
167 78
162 81
156 82
152 82
147 83
141 84
135 85
128 87
122 90
116 93
112 95
109 99
108 103
106 108
104 110
102 112
102 115
100 116
98 117
94 120
91 120
85 117
82 113
79 107
78 100
78 96
77 92
76 89
75 85
75 83
74 81
73 78
72 77
72 75
73 72
75 71
77 69
80 66
80 62
79 61
77 59
76 58
72 58
70 59
70 61
65 59
60 58
55 55
50 55
44 55
41 57
35 59
34 60
33 58
30 58
27 58
24 59
23 61
22 67
24 69
26 73
30 75
30 81
30 88
31 92
33 95
35 98
35 102
35 109
35 115
46 142
49 152
52 157
55 161
61 168
66 172
70 174
77 176
83 177
87 177
92 177
97 178
99 177
100 186
102 192
106 199
108 204
112 209
114 215
116 221
117 226
118 234
119 238
121 244
122 248
123 257
123 265
123 270
121 277
120 282
113 288
110 293
109 298
110 301
116 301
121 301
126 301
131 301
134 301
136 301
137 301
137 297
134 296
133 295
133 294
135 290
136 286
134 282
134 277
134 273
134 268
135 264
136 256
137 252
138 247
140 243
140 236
139 232
137 224
137 221
137 216
137 212
137 206
135 201
134 197
133 194
131 188
132 186
137 185
139 188
141 190
143 194
144 201
145 209
146 213
147 217
147 221
147 227
147 231
146 235
146 237
147 240
148 243
149 244
150 248
151 255
151 258
152 262
153 267
153 272
153 278
153 284
153 285
152 288
150 292
149 294
148 296
147 302
148 302
151 302
155 302
161 302
165 302
169 302
172 301
172 299
169 296
169 294
169 291
168 286
167 278
166 270
166 267
166 258
168 252
169 246
171 241
171 238
170 234
170 226
170 221
170 216
170 208
170 201
171 194
172 190
174 190
185 186
195 183
211 174
220 172
222 171
225 174
227 180
230 186
234 188
238 192
241 197
244 199
246 200
248 201
249 203
250 210
254 216
255 220
258 224
258 231
257 233
258 237
258 243
258 246
258 250
258 253
257 256
257 258
256 262
255 267
253 270
252 274
250 276
246 278
249 279
245 283
248 285
249 285
246 286
244 288
244 290
245 292
250 292
256 294
262 295
266 295
266 292
266 288
268 283
272 276
272 267
272 258
271 251
271 246
273 243
276 237
276 231
277 228
276 223
276 218
275 213
274 209
274 204
276 196
278 183
280 170
282 163
282 157
283 150
283 144
284 137
283 135
281 130
278 128
274 124
269 120
265 116
261 112
257 108
253 105
249 103
240 100
230 94
225 87
220 80
212 72
204 67